8267181732480017356736917120
8267181732485290951274623893
8267181732481290293349466640
8267181732475289306461730735
8267181732484563558924594792
8267181732502384671500294913
8267181732469470167661501132
8267181732502930215762816375
8267181732477653331599322256
8267181732480381052911929295
8267181732503657608112845020
8267181732476016698811757015
8267181732500929886800237640
8267181732470561256186541563
8267181732483108774224535520
8267181732487473128324707281
8267181732487473128324707104
8267181732485472799362128055
8267181732479289964386884004
8267181732505476088987916787
8267181732479835508649404984
8267181732482199533786998027
8267181732489291609199777800
8267181732478562572036853891
8267181732491473786249863664
8267181732504566848550380905
8267181732480199204824417704
8267181732487654976412212215
8267181732505657937075424024
8267181732473107129411636295
8267181732486745735974675632
8267181732492019330512384159
8267181732481653989524473600
8267181732486382039799660577
8267181732483654318487052292
8267181732494565203737484395
8267181732484199862749573400
8267181732485109103187109195
8267181732486745735974673856
8267181732494383355649976613
8267181732490019001549803280
8267181732485836495537137067
8267181732488018672587223460
8267181732486563887887165459
8267181732492019330512381936
8267181732509294898825568221
8267181732476925939249281640
8267181732495474444175018745
8267181732484563558924584672
8267181732489291609199772481
8267181732495292596087511044
8267181732491655634337366123
8267181732489291609199771800
8267181732484381710837076035
